0
192,192,192
192,192,192
192,192,192
192,192,192

1
192,192,192
192,192,192
192,192,192
0,0,255

2
192,192,192
192,192,192
192,192,192
0,128,0

3
192,192,192
192,192,192
192,192,192
255,0,0

4
192,192,192
192,192,192
192,192,192
0,0,128

5
192,192,192
192,192,192
192,192,192
128,0,0

6
192,192,192
192,192,192
192,192,192
0,0,128

7
192,192,192
192,192,192
192,192,192
0,0,0

8
192,192,192
192,192,192
192,192,192
128,128,128

9
0,0,0
255,0,0
255,0,0
0,0,0

10
255,255,255
255,255,255
255,255,255
192,192,192

11
255,0,0
255,0,0
192,192,192
0,0,0
